10.4635825126693
10.7929713274847
11.1638286768729
11.2464181530392
11.7385318258362
12.1125825877588
12.4623927851010
12.8101829316046
12.9906524365010
13.5432466081318
13.6986913073456
14.2428243451260
14.3930905639693
14.6746921596969
15.0831178825216
15.7521910806768
15.8561028840728
16.4691348666286
16.8533303942055
17.2213769464809
17.3429952604412
17.5800214192378
17.9754636880184
18.2163574372300
18.5950219678805
19.1216296301900
19.2371521594648
19.4134362143071
20.4510662382303
20.4604142288926
20.5351981528093
20.8156378682565
21.1498285289757
21.5097261635326
22.0297081357978
22.5216461360762
22.8289613242976
23.4751411684311
24.3503467797839
24.8878562341609
25.5024866100511
26.0283110764456
26.9362346544257
27.7460043325241
28.7053418587321
29.7499797981791
30.5492329869552
31.4372920852268
32.4737505329480
33.3921906005267
34.2814181977347
35.4791294818242
36.4957234498371
37.2435626906614
38.2075742120624
39.5630328359874
40.8273485525440
41.5915467768201
41.4793708905307
40.8390335405265
40.5001688846143
40.5141908704696
40.6403887423379
40.7607441200769
40.8927844860747
41.1171362583772
41.6920376745745
42.0285653331664
41.9841623782805
42.2657705923878
43.0323058139841
43.4553023844752
43.8303905038238
44.4309988941350
44.5758927470516
44.6167902054047
45.1578051563146
45.7502340548999
46.5097582839830
47.7133120622019
48.7562544450000
49.4970890500000
50.0118347240000
50.6654304800000
51.6442009790000
52.8557995130000
53.8889528920000
55.0058315350000
55.7602987620000
56.3434301340000
56.7699817390000
57.0807879770000
57.0951717310000
57.7745842620000
58.5508127760000
59.5520837840000
60.6691878280000
61.6568351530000
62.8653704270000
63.8997241850000
64.7998363950000
65.6958678360000
66.2525764300000
67.4607517050000
68.2633519090000
69.1741263150000
69.7688937260000
69.9995622220000
70.4556077160000
71.2149973280000
72.5329035130000
73.4551680220000
74.3999462110000
75.6014922590000
76.8942868620000
78.5915180870000
79.6768816290000
81.8205089190000
83.1480020170000
85.1918841160000
87.4791457890000
89.1134414210000
90.0998570210000
91.0237850150000
92.1252202460000
92.9629554350000
93.8987156230000
94.5364312160000
95.2923421560000
95.6243397260000
95.0921430760000
94.9976036950000
95.5095285370000
96.9362680490000
97.9988832340000
98.7819942290000
99.4315789250000
99.2396524450000
100.0851177770000
100.3887063820000
100.0271932980000
100.5722799780000
101.6828203430000
101.9137576220000
102.1075573640000
101.8640351890000
101.5162302630000
101.9844889760000
102.3877257050000
103.1263195230000
104.6013362470000
105.7499796420000
106.2051276550000
107.1385091530000
107.2584397810000
106.6060135250000
106.7910561220000
107.7565305590000
108.8249904340000
111.5186246450000
112.7048760130000
114.0526459810000
115.3349857270000
116.9362362040000
117.2879051750000
118.0321745680000
117.7045367110000
117.3849590830000
117.2113065790000
117.4706044770000
117.5893316420000
117.3047564760000
117.3961926280000
117.5781892320000
118.9447802140000
120.4885519250000
121.2697856110000
121.9843278450000
122.5810902020000
122.9136243890000
124.4635672680000
125.8147743120000
127.6213014380000
129.5534143350000
131.7097309770000
133.5436452640000
135.3356513890000
137.8014188290000
139.9706775480000
142.5186025080000
144.4591684570000
146.4494381830000
148.1597385660000
149.6242936840000
150.7164438010000
148.2959528810000
146.1528987130000
146.1147699720000
147.1064244960000
147.9880719790000
149.6024892720000
151.1555794730000
151.7255245320000
153.1272660310000
154.3052690140000
154.9391051010000
154.2971973620000
155.0048038400000
155.2739925290000
155.4978429620000
156.6451383030000
156.9851054400000
157.1851895430000
158.6754000550000
159.5744228890000
160.3013495170000
161.0091335130000
161.3607669090000
162.5607633690000
163.4488281380000